0	1
1	3
2	1
3	1
4	1
5	1
6	1
7	2
8	2
9	1
10	3
11	2
12	1
13	1
14	1
15	2
16	2
17	1
18	2
19	1
20	2
21	1
22	2
23	2
24	1
25	1
26	3
27	2
28	3
29	1
30	2
31	1
32	1
33	1
34	1
35	2
36	1
37	1
38	1
39	1
40	2
41	2
42	2
43	1
44	3
45	1
46	2
47	2
48	2
49	1
50	2
51	3
52	3
53	2
54	1
55	2
56	2
57	1
58	2
59	1
60	2
61	1
62	3
63	1
64	2
65	1
66	1
67	5
68	1
69	1
70	2
71	2
72	3
73	2
74	1
75	5
76	1
77	2
78	2
79	1
80	2
81	2
82	2
83	2
84	1
85	3
86	2
87	2
88	1
89	1
90	1
91	3
92	1
93	4
94	1
95	3
96	2
97	1
98	2
99	2
100	2
101	2
102	2
103	2
104	5
105	2
106	2
107	2
108	1
109	1
110	1
111	3
112	1
113	2
114	2
115	1
116	3
117	2
118	2
119	2
120	2
121	2
122	1
123	1
124	2
125	1
126	1
127	2
128	2
129	2
130	3
131	3
132	1
133	1
134	3
135	1
136	2
137	1
138	2
139	1
140	1
141	3
142	1
143	1
144	1
145	1
146	2
147	1
148	5
149	2
150	1
151	1
152	1
153	1
154	1
155	2
156	3
157	1
158	3
159	1
160	1
161	2
162	2
163	3
164	1
165	1
166	1
167	1
168	2
169	3
170	1
171	2
172	1
173	1
174	3
175	2
176	3
177	1
178	1
179	1
180	2
181	1
182	3
183	1
184	3
185	1
186	1
187	2
188	1
189	1
190	1
191	1
192	2
193	2
194	2
195	3
196	1
197	2
198	2
199	2
200	2
201	1
202	2
203	3
204	2
205	3
206	2
207	2
208	3
209	2
210	3
211	2
212	1
213	2
214	1
215	2
216	3
217	1
218	1
219	2
220	1
221	3
222	1
223	1
224	1
225	1
226	1
227	2
228	1
229	2
230	1
231	4
232	3
233	2
234	3
235	2
236	2
237	1
238	1
239	2
240	2
241	1
242	2
243	1
244	1
245	1
246	1
247	2
248	2
249	2
250	2
251	2
252	1
253	2
254	1
255	2
256	2
257	1
258	1
259	1
260	1
261	1
262	2
263	2
264	1
265	2
266	3
267	1
268	1
269	2
270	2
271	2
272	1
273	2
274	1
275	2
276	1
277	3
278	1
279	2
280	3
281	1
282	3
283	1
284	2
285	5
286	3
287	1
288	1
289	2
290	3
291	1
292	1
293	1
294	2
295	1
296	1
297	1
298	2
299	1
300	2
301	2
302	1
303	2
304	1
305	3
306	2
307	2
308	2
309	2
310	2
311	1
312	2
313	1
314	3
315	1
316	1
317	2
318	1
319	1
320	1
321	2
322	2
323	3
324	1
325	2
326	1
327	1
328	1
329	3
330	1
331	1
332	2
333	2
334	1
335	1
336	1
337	1
338	4
339	3
340	1
341	1
342	1
343	1
344	1
345	3
346	2
347	1
348	2
349	2
350	2
351	1
352	1
353	1
354	3
355	1
356	3
357	1
358	2
359	1
360	1
361	2
362	1
363	2
364	2
365	3
366	5
367	1
368	1
369	1
370	2
371	1
372	1
373	2
374	1
375	1
376	2
377	2
378	1
379	1
380	2
381	1
382	1
383	2
384	1
385	2
386	1
387	1
388	1
389	1
390	2
391	1
392	2
393	2
394	1
395	2
396	1
397	1
398	1
399	2
400	2
401	1
402	4
403	1
404	1
405	1
406	1
407	2
408	2
409	2
410	2
411	1
412	4
413	1
414	1
415	1
416	5
417	4
418	2
419	3
420	1
421	2
422	2
423	2
424	2
425	1
426	2
427	1
428	1
429	1
430	1
431	1
432	2
433	1
434	1
435	1
436	1
437	3
438	2
439	2
440	2
441	2
442	3
443	1
444	2
445	3
446	1
447	2
448	2
449	1
450	1
451	1
452	1
453	3
454	1
455	1
456	3
457	2
458	1
459	2
460	2
461	1
462	2
463	2
464	2
465	1
466	2
467	1
468	1
469	2
470	2
471	1
472	1
473	2
474	3
475	1
476	2
477	2
478	1
479	2
480	1
481	1
482	2
483	1
484	2
485	2
486	1
487	1
488	2
489	1
490	1
491	2
492	1
493	1
494	1
495	2
496	1
497	1
498	2
499	3
500	2
501	1
502	1
503	1
504	2
505	1
506	1
507	2
508	1
509	2
510	1
511	2
512	4
513	2
514	2
515	1
516	1
517	5
518	2
519	5
520	2
521	1
522	2
523	1
524	1
525	2
526	5
527	2
528	1
529	1
530	2
531	1
532	2
533	1
534	1
535	3
536	1
537	2
538	1
539	1
540	1
541	2
542	2
543	2
544	2
545	1
546	2
547	1
548	2
549	1
550	1
551	1
552	2
553	3
554	1
555	1
556	1
557	1
558	1
559	2
560	2
561	1
562	1
563	1
564	3
565	1
566	2
567	1
568	2
569	1
570	3
571	3
572	1
573	2
574	2
575	1
576	2
577	1
578	2
579	1
580	2
581	5
582	1
583	2
584	1
585	1
586	2
587	1
588	1
589	1
590	2
591	1
592	3
593	1
594	2
595	2
596	1
597	3
598	2
599	1
600	2
601	1
602	1
603	2
604	2
605	1
606	1
607	1
608	2
609	2
610	3
611	2
612	3
613	1
614	1
615	2
616	1
617	1
618	1
619	3
620	2
621	1
622	1
623	2
624	2
625	1
626	2
627	5
628	1
629	1
630	3
631	1
632	2
633	2
634	1
635	3
636	2
637	2
638	1
639	3
640	2
641	2
642	1
643	1
644	2
645	2
646	3
647	2
648	2
649	3
650	2
651	1
652	1
653	1
654	2
655	1
656	2
657	2
658	4
659	1
660	3
661	2
662	2
663	2
664	1
665	1
666	2
667	2
668	1
669	1
670	1
671	2
672	2
673	2
674	2
675	1
676	1
677	3
678	2
679	1
680	2
681	1
682	3
683	3
684	5
685	2
686	1
687	1
688	5
689	1
690	2
691	2
692	1
693	2
694	2
695	1
696	2
697	1
698	2
699	1
700	1
701	2
702	2
703	1
704	3
705	2
706	1
707	1
708	2
709	4
710	1
711	2
712	1
713	2
714	2
715	1
716	3
717	2
718	1
719	2
720	1
721	1
722	1
723	1
724	2
725	2
726	2
727	2
728	2
729	1
730	1
731	1
732	2
733	2
734	2
735	2
736	1
737	1
738	1
739	2
740	1
741	2
742	1
743	2
744	1
745	2
746	1
747	1
748	1
749	1
750	2
751	2
752	2
753	2
754	2
755	3
756	3
757	3
758	1
759	2
760	3
761	2
762	2
763	2
764	2
765	3
766	2
767	3
768	3
769	3
770	3
771	3
772	2
773	3
774	1
775	3
776	3
777	2
778	3
779	2
780	5
781	2
782	3
783	1
784	2
785	1
786	3
787	2
788	2
789	2
790	2
791	2
792	3
793	2
794	2
795	3
796	2
797	3
798	3
799	3
800	2
801	4
802	2
803	2
804	2
805	3
806	3
807	3
808	2
809	2
810	3
811	2
812	1
813	3
814	3
815	3
816	3
817	2
818	3
819	4
820	2
821	2
822	3
823	3
824	3
825	2
826	1
827	1
828	3
829	3
830	2
831	3
832	2
833	2
834	1
835	3
836	2
837	2
838	1
839	2
840	4
841	1
842	2
843	1
844	1
845	3
846	3
847	3
848	2
849	1
850	1
851	1
852	2
853	2
854	1
855	3
856	2
857	2
858	1
859	1
860	2
861	2
862	2
863	2
864	2
865	3
866	2
867	2
868	2
869	3
870	3
871	3
872	3
873	2
874	1
875	2
876	2
877	2
878	2
879	3
880	2
881	2
882	2
883	2
884	1
885	2
886	3
887	3
888	3
889	1
890	3
891	1
892	2
893	2
894	2
895	2
896	2
897	2
898	4
899	2
900	2
901	2
902	2
903	2
904	1
905	3
906	3
907	2
908	2
909	4
910	2
911	2
912	1
913	4
914	2
915	3
916	2
917	2
918	2
919	2
920	2
921	1
922	2
923	2
924	1
925	4
926	1
927	4
928	3
929	2
930	3
931	2
932	3
933	2
934	5
935	1
936	2
937	2
938	1
939	2
940	3
941	2
942	3
943	4
944	2
945	2
946	2
947	3
948	1
949	2
950	3
951	2
952	2
953	2
954	2
955	1
956	1
957	2
958	1
959	2
960	3
961	2
962	2
963	3
964	2
965	1
966	1
967	2
968	1
969	2
970	2
971	2
972	2
973	3
974	3
975	2
976	2
977	1
978	2
979	2
980	3
981	4
982	2
983	2
984	3
985	3
986	2
987	4
988	1
989	3
990	1
991	2
992	1
993	2
994	2
995	4
996	3
997	2
998	3
999	2
1000	3
1001	3
1002	1
1003	3
1004	2
1005	2
1006	1
1007	3
1008	2
1009	2
1010	2
1011	2
1012	2
1013	3
1014	3
1015	2
1016	2
1017	5
1018	2
1019	2
1020	1
1021	1
1022	2
1023	3
1024	2
1025	1
1026	3
1027	2
1028	3
1029	2
1030	2
1031	2
1032	4
1033	2
1034	2
1035	2
1036	3
1037	4
1038	2
1039	2
1040	4
1041	1
1042	1
1043	1
1044	5
1045	5
1046	3
1047	2
1048	1
1049	2
1050	1
1051	3
1052	2
1053	2
1054	5
1055	2
1056	2
1057	2
1058	2
1059	2
1060	2
1061	2
1062	2
1063	1
1064	2
1065	1
1066	3
1067	1
1068	2
1069	3
1070	1
1071	2
1072	2
1073	2
1074	2
1075	2
1076	3
1077	2
1078	2
1079	4
1080	1
1081	3
1082	2
1083	1
1084	2
1085	3
1086	3
1087	3
1088	5
1089	2
1090	3
1091	2
1092	3
1093	1
1094	3
1095	1
1096	2
1097	2
1098	3
1099	2
1100	1
1101	3
1102	3
1103	1
1104	2
1105	2
1106	2
1107	3
1108	2
1109	2
1110	5
1111	2
1112	3
1113	2
1114	1
1115	2
1116	1
1117	3
1118	3
1119	3
1120	2
1121	1
1122	1
1123	3
1124	3
1125	2
1126	3
1127	2
1128	1
1129	2
1130	4
1131	1
1132	2
1133	2
1134	1
1135	3
1136	1
1137	2
1138	2
1139	2
1140	2
1141	3
1142	2
1143	1
1144	1
1145	2
1146	2
1147	1
1148	1
1149	2
1150	2
1151	2
1152	2
1153	3
1154	2
1155	3
1156	3
1157	3
1158	2
1159	1
1160	2
1161	2
1162	3
1163	1
1164	2
1165	2
1166	1
1167	3
1168	2
1169	1
1170	4
1171	3
1172	3
1173	4
1174	3
1175	2
1176	2
1177	3
1178	4
1179	3
1180	2
1181	3
1182	3
1183	2
1184	3
1185	2
1186	2
1187	2
1188	2
1189	4
1190	1
1191	1
1192	2
1193	2
1194	5
1195	1
1196	3
1197	2
1198	3
1199	2
1200	2
1201	3
1202	2
1203	3
1204	3
1205	2
1206	1
1207	2
1208	2
1209	2
1210	3
1211	3
1212	3
1213	3
1214	2
1215	1
1216	2
1217	1
1218	3
1219	3
1220	3
1221	2
1222	2
1223	2
1224	4
1225	3
1226	2
1227	2
1228	2
1229	3
1230	1
1231	2
1232	3
1233	2
1234	3
1235	2
1236	2
1237	2
1238	5
1239	2
1240	2
1241	2
1242	3
1243	5
1244	2
1245	2
1246	1
1247	2
1248	3
1249	4
1250	1
1251	3
1252	2
1253	3
1254	2
1255	4
1256	3
1257	2
1258	2
1259	1
1260	3
1261	3
1262	2
1263	3
1264	2
1265	2
1266	2
1267	2
1268	1
1269	2
1270	3
1271	2
1272	2
1273	3
1274	1
1275	1
1276	1
1277	1
1278	1
1279	2
1280	3
1281	2
1282	2
1283	3
1284	2
1285	3
1286	2
1287	3
1288	2
1289	3
1290	3
1291	3
1292	2
1293	2
1294	3
1295	1
1296	3
1297	1
1298	1
1299	3
1300	3
1301	2
1302	2
1303	3
1304	2
1305	2
1306	2
1307	2
1308	3
1309	2
1310	3
1311	1
1312	2
1313	2
1314	4
1315	2
1316	2
1317	2
1318	2
1319	2
1320	2
1321	3
1322	2
1323	3
1324	3
1325	1
1326	2
1327	1
1328	2
1329	2
1330	3
1331	3
1332	2
1333	1
1334	1
1335	2
1336	3
1337	2
1338	2
1339	2
1340	2
1341	2
1342	2
1343	2
1344	2
1345	2
1346	2
1347	1
1348	2
1349	2
1350	3
1351	5
1352	2
1353	3
1354	3
1355	2
1356	2
1357	2
1358	1
1359	4
1360	1
1361	4
1362	4
1363	3
1364	4
1365	2
1366	1
1367	2
1368	3
1369	1
1370	2
1371	2
1372	2
1373	2
1374	1
1375	1
1376	2
1377	2
1378	1
1379	3
1380	2
1381	3
1382	2
1383	2
1384	2
1385	3
1386	5
1387	2
1388	2
1389	3
1390	3
1391	2
1392	2
1393	1
1394	2
1395	2
1396	1
1397	3
1398	2
1399	5
1400	4
1401	3
1402	1
1403	2
1404	3
1405	2
1406	3
1407	2
1408	2
1409	1
1410	4
1411	1
1412	2
1413	2
1414	3
1415	2
1416	2
1417	3
1418	2
1419	3
1420	2
1421	2
1422	2
1423	2
1424	2
1425	3
1426	2
1427	2
1428	2
1429	2
1430	1
1431	4
1432	3
1433	2
1434	2
1435	1
1436	4
1437	2
1438	2
1439	3
1440	3
1441	2
1442	2
1443	3
1444	3
1445	1
1446	3
1447	4
1448	3
1449	3
1450	4
1451	3
1452	3
1453	3
1454	2
1455	3
1456	2
1457	2
1458	3
1459	3
1460	3
1461	2
1462	2
1463	2
1464	4
1465	2
1466	3
1467	2
1468	2
1469	3
1470	5
1471	2
1472	2
1473	2
1474	4
1475	3
1476	3
1477	2
1478	5
1479	2
1480	2
1481	1
1482	2
1483	3
1484	3
1485	3
1486	3
1487	3
1488	2
1489	1
1490	3
1491	3
1492	3
1493	3
1494	2
1495	2
1496	3
1497	2
1498	1
1499	1
1500	2
1501	1
1502	2
1503	2
1504	2
1505	2
1506	1
1507	2
1508	2
1509	3
1510	2
1511	3
1512	3
1513	1
1514	3
1515	2
1516	1
1517	2
1518	2
1519	1
1520	3
1521	2
1522	2
1523	2
1524	3
1525	2
1526	2
1527	2
1528	1
1529	3
1530	3
1531	1
1532	2
1533	3
1534	2
1535	3
1536	3
1537	1
1538	2
1539	1
1540	2
1541	3
1542	2
1543	3
1544	2
1545	2
1546	2
1547	1
1548	2
1549	2
1550	2
1551	3
1552	2
1553	2
1554	3
1555	2
1556	2
1557	2
1558	1
1559	3
1560	3
1561	2
1562	2
1563	2
1564	5
1565	1
1566	2
1567	2
1568	2
1569	1
1570	2
1571	2
1572	2
1573	1
1574	3
1575	1
1576	3
1577	1
1578	2
1579	3
1580	2
1581	2
1582	2
1583	2
1584	2
1585	2
1586	2
1587	3
1588	3
1589	1
1590	3
1591	2
1592	3
1593	2
1594	3
1595	5
1596	1
1597	2
1598	2
1599	3
1600	2
1601	2
1602	3
1603	2
1604	2
1605	3
1606	4
1607	1
1608	2
1609	1
1610	1
1611	2
1612	3
1613	1
1614	3
1615	2
1616	3
1617	3
1618	1
1619	1
1620	5
1621	2
1622	2
1623	3
1624	3
1625	2
1626	1
1627	1
1628	3
1629	2
1630	3
1631	4
1632	2
1633	2
1634	2
1635	3
1636	2
1637	2
1638	2
1639	2
1640	2
1641	4
1642	2
1643	1
1644	2
1645	3
1646	2
1647	1
1648	2
1649	3
1650	3
1651	2
1652	2
1653	3
1654	1
1655	2
1656	3
1657	2
1658	3
1659	2
1660	2
1661	2
1662	4
1663	3
1664	1
1665	5
1666	3
1667	3
1668	2
1669	2
1670	3
1671	2
1672	4
1673	2
1674	2
1675	2
1676	3
1677	3
1678	3
1679	2
1680	4
1681	2
1682	2
1683	2
1684	3
1685	3
1686	2
1687	2
1688	4
1689	2
1690	2
1691	2
1692	2
1693	3
1694	3
1695	2
1696	3
1697	2
1698	2
1699	1
1700	3
1701	3
1702	2
1703	2
1704	2
1705	2
1706	1
1707	2
1708	2
1709	2
1710	3
1711	2
1712	3
1713	1
1714	2
1715	2
1716	3
1717	3
1718	2
1719	2
1720	5
1721	2
1722	4
1723	2
1724	1
1725	2
1726	3
1727	1
1728	2
1729	2
1730	3
1731	3
1732	1
1733	2
1734	3
1735	3
1736	2
1737	2
1738	2
1739	2
1740	2
1741	2
1742	3
1743	2
1744	1
1745	2
1746	2
1747	3
1748	2
1749	2
1750	3
1751	2
1752	2
1753	2
1754	2
1755	2
1756	2
1757	3
1758	2
1759	1
1760	3
1761	3
1762	2
1763	3
1764	3
1765	2
1766	1
1767	2
1768	3
1769	2
1770	4
1771	2
1772	1
1773	4
1774	1
1775	1
1776	4
1777	4
1778	2
1779	4
1780	3
1781	3
1782	3
1783	2
1784	1
1785	2
1786	3
1787	2
1788	2
1789	2
1790	3
1791	3
1792	2
1793	1
1794	2
1795	1
1796	1
1797	2
1798	3
1799	1
1800	1
1801	2
1802	2
1803	3
1804	2
1805	2
1806	2
1807	3
1808	2
1809	2
1810	2
1811	2
1812	3
1813	3
1814	3
1815	2
1816	2
1817	3
1818	2
1819	3
1820	5
1821	3
1822	2
1823	2
1824	2
1825	3
1826	2
1827	1
1828	1
1829	1
1830	2
1831	2
1832	3
1833	2
1834	1
1835	3
1836	1
1837	1
1838	1
1839	1
1840	3
1841	3
1842	3
1843	2
1844	2
1845	3
1846	2
1847	4
1848	2
1849	2
1850	2
1851	2
1852	2
1853	2
1854	2
1855	3
1856	2
1857	2
1858	2
1859	2
1860	3
1861	2
1862	1
1863	3
1864	2
1865	3
1866	2
1867	3
1868	3
1869	1
1870	3
1871	3
1872	1
1873	2
1874	2
1875	2
1876	2
1877	5
1878	3
1879	3
1880	3
1881	3
1882	3
1883	3
1884	4
1885	3
1886	2
1887	3
1888	1
1889	3
1890	3
1891	3
1892	5
1893	3
1894	3
1895	3
1896	3
1897	4
1898	3
1899	2
1900	4
1901	2
1902	2
1903	3
1904	4
1905	3
1906	4
1907	3
1908	2
1909	3
1910	2
1911	4
1912	3
1913	4
1914	3
1915	3
1916	3
1917	3
1918	3
1919	2
1920	2
1921	5
1922	3
1923	3
1924	3
1925	3
1926	3
1927	3
1928	4
1929	3
1930	4
1931	5
1932	4
1933	4
1934	4
1935	3
1936	4
1937	3
1938	2
1939	5
1940	4
1941	2
1942	3
1943	4
1944	3
1945	3
1946	2
1947	1
1948	1
1949	2
1950	3
1951	3
1952	3
1953	4
1954	3
1955	2
1956	5
1957	5
1958	2
1959	3
1960	3
1961	3
1962	3
1963	4
1964	2
1965	3
1966	3
1967	4
1968	4
1969	4
1970	2
1971	3
1972	4
1973	2
1974	4
1975	4
1976	1
1977	3
1978	3
1979	4
1980	4
1981	3
1982	4
1983	4
1984	4
1985	3
1986	3
1987	4
1988	3
1989	2
1990	1
1991	3
1992	3
1993	3
1994	3
1995	3
1996	4
1997	3
1998	3
1999	2
2000	3
2001	4
2002	3
2003	2
2004	2
2005	4
2006	3
2007	2
2008	3
2009	2
2010	4
2011	2
2012	3
2013	3
2014	3
2015	3
2016	3
2017	3
2018	2
2019	4
2020	3
2021	2
2022	4
2023	4
2024	3
2025	3
2026	3
2027	2
2028	3
2029	5
2030	3
2031	3
2032	4
2033	2
2034	3
2035	3
2036	4
2037	2
2038	3
2039	2
2040	4
2041	3
2042	3
2043	3
2044	3
2045	3
2046	4
2047	3
2048	3
2049	3
2050	3
2051	2
2052	2
2053	3
2054	3
2055	3
2056	4
2057	4
2058	4
2059	3
2060	4
2061	3
2062	4
2063	3
2064	4
2065	3
2066	2
2067	4
2068	3
2069	2
2070	3
2071	3
2072	3
2073	4
2074	2
2075	3
2076	3
2077	4
2078	3
2079	1
2080	4
2081	4
2082	4
2083	3
2084	4
2085	3
2086	1
2087	3
2088	3
2089	4
2090	3
2091	4
2092	4
2093	3
2094	3
2095	2
2096	2
2097	3
2098	2
2099	3
2100	4
2101	3
2102	4
2103	3
2104	3
2105	3
2106	5
2107	1
2108	3
2109	3
2110	3
2111	4
2112	3
2113	4
2114	3
2115	2
2116	4
2117	5
2118	4
2119	3
2120	3
2121	4
2122	3
2123	4
2124	4
2125	3
2126	3
2127	3
2128	3
2129	3
2130	2
2131	5
2132	4
2133	5
2134	2
2135	3
2136	2
2137	3
2138	1
2139	4
2140	2
2141	4
2142	3
2143	5
2144	3
2145	4
2146	2
2147	3
2148	3
2149	3
2150	1
2151	4
2152	3
2153	5
2154	4
2155	4
2156	4
2157	3
2158	4
2159	3
2160	4
2161	4
2162	4
2163	4
2164	5
2165	3
2166	3
2167	3
2168	4
2169	4
2170	2
2171	2
2172	3
2173	3
2174	3
2175	3
2176	3
2177	3
2178	3
2179	4
2180	3
2181	2
2182	2
2183	3
2184	4
2185	3
2186	4
2187	3
2188	4
2189	2
2190	4
2191	5
2192	4
2193	3
2194	4
2195	3
2196	5
2197	3
2198	4
2199	3
2200	4
2201	2
2202	2
2203	5
2204	3
2205	2
2206	3
2207	3
2208	4
2209	3
2210	4
2211	3
2212	4
2213	4
2214	4
2215	4
2216	3
2217	2
2218	2
2219	4
2220	3
2221	4
2222	1
2223	4
2224	3
2225	2
2226	3
2227	1
2228	4
2229	3
2230	4
2231	3
2232	3
2233	3
2234	3
2235	3
2236	3
2237	4
2238	4
2239	3
2240	3
2241	2
2242	3
2243	3
2244	2
2245	5
2246	3
2247	4
2248	3
2249	2
2250	3
2251	5
2252	3
2253	4
2254	3
2255	4
2256	2
2257	2
2258	3
2259	3
2260	4
2261	3
2262	3
2263	3
2264	3
2265	3
2266	4
2267	4
2268	3
2269	3
2270	3
2271	3
2272	3
2273	4
2274	2
2275	2
2276	3
2277	3
2278	4
2279	3
2280	3
2281	3
2282	3
2283	3
2284	2
2285	2
2286	3
2287	4
2288	4
2289	2
2290	3
2291	3
2292	2
2293	4
2294	3
2295	3
2296	4
2297	4
2298	4
2299	3
2300	2
2301	3
2302	2
2303	3
2304	2
2305	2
2306	3
2307	3
2308	3
2309	3
2310	2
2311	3
2312	3
2313	3
2314	2
2315	2
2316	3
2317	3
2318	5
2319	3
2320	2
2321	2
2322	1
2323	4
2324	4
2325	3
2326	3
2327	3
2328	4
2329	3
2330	3
2331	2
2332	3
2333	3
2334	5
2335	4
2336	3
2337	2
2338	3
2339	3
2340	3
2341	2
2342	2
2343	3
2344	3
2345	3
2346	2
2347	2
2348	4
2349	4
2350	4
2351	3
2352	4
2353	2
2354	4
2355	3
2356	3
2357	3
2358	3
2359	2
2360	2
2361	3
2362	3
2363	4
2364	3
2365	3
2366	3
2367	3
2368	3
2369	3
2370	3
2371	3
2372	3
2373	3
2374	4
2375	4
2376	3
2377	3
2378	2
2379	2
2380	3
2381	3
2382	3
2383	2
2384	4
2385	2
2386	4
2387	2
2388	3
2389	3
2390	3
2391	3
2392	4
2393	2
2394	1
2395	3
2396	4
2397	3
2398	1
2399	2
2400	2
2401	3
2402	3
2403	4
2404	4
2405	3
2406	2
2407	4
2408	3
2409	2
2410	3
2411	4
2412	3
2413	4
2414	2
2415	5
2416	2
2417	3
2418	3
2419	3
2420	2
2421	4
2422	4
2423	5
2424	3
2425	3
2426	2
2427	3
2428	4
2429	3
2430	3
2431	4
2432	5
2433	3
2434	3
2435	4
2436	3
2437	3
2438	3
2439	3
2440	4
2441	3
2442	2
2443	5
2444	3
2445	3
2446	3
2447	1
2448	4
2449	3
2450	3
2451	2
2452	2
2453	4
2454	4
2455	4
2456	3
2457	3
2458	5
2459	2
2460	2
2461	5
2462	2
2463	3
2464	4
2465	5
2466	2
2467	3
2468	3
2469	3
2470	3
2471	3
2472	3
2473	4
2474	3
2475	4
2476	2
2477	3
2478	3
2479	3
2480	2
2481	4
2482	3
2483	3
2484	2
2485	3
2486	3
2487	4
2488	3
2489	1
2490	4
2491	4
2492	4
2493	3
2494	3
2495	3
2496	5
2497	3
2498	1
2499	1
2500	4
2501	3
2502	4
2503	2
2504	4
2505	4
2506	3
2507	3
2508	2
2509	3
2510	3
2511	3
2512	5
2513	3
2514	3
2515	3
2516	2
2517	2
2518	3
2519	3
2520	3
2521	4
2522	2
2523	4
2524	3
2525	3
2526	3
2527	4
2528	2
2529	3
2530	4
2531	3
2532	3
2533	4
2534	3
2535	4
2536	2
2537	3
2538	3
2539	3
2540	2
2541	3
2542	4
2543	3
2544	3
2545	3
2546	3
2547	4
2548	3
2549	1
2550	4
2551	3
2552	3
2553	4
2554	1
2555	3
2556	4
2557	2
2558	4
2559	3
2560	3
2561	3
2562	3
2563	2
2564	4
2565	3
2566	4
2567	1
2568	3
2569	3
2570	3
2571	3
2572	1
2573	4
2574	3
2575	3
2576	3
2577	3
2578	1
2579	2
2580	3
2581	3
2582	4
2583	2
2584	3
2585	3
2586	3
2587	2
2588	3
2589	3
2590	3
2591	3
2592	4
2593	3
2594	2
2595	2
2596	3
2597	3
2598	3
2599	4
2600	3
2601	5
2602	1
2603	3
2604	2
2605	2
2606	4
2607	3
2608	3
2609	2
2610	2
2611	3
2612	5
2613	2
2614	1
2615	3
2616	3
2617	3
2618	3
2619	3
2620	3
2621	3
2622	3
2623	4
2624	2
2625	2
2626	3
2627	3
2628	3
2629	3
2630	2
2631	3
2632	3
2633	4
2634	3
2635	3
2636	2
2637	4
2638	4
2639	3
2640	3
2641	3
2642	4
2643	3
2644	4
2645	3
2646	5
2647	2
2648	3
2649	4
2650	3
2651	2
2652	5
2653	4
2654	3
2655	4
2656	3
2657	3
2658	3
2659	2
2660	3
2661	4
2662	2
2663	3
2664	3
2665	3
2666	4
2667	3
2668	4
2669	3
2670	3
2671	3
2672	3
2673	3
2674	2
2675	4
2676	3
2677	3
2678	2
2679	4
2680	2
2681	4
2682	5
2683	4
2684	3
2685	3
2686	4
2687	2
2688	3
2689	2
2690	4
2691	3
2692	2
2693	2
2694	4
2695	1
2696	3
2697	2
2698	5
2699	3
2700	3
2701	3
2702	3
2703	2
2704	3
2705	3
2706	3
2707	3
2708	2
2709	3
2710	4
2711	4
2712	2
2713	3
2714	1
2715	3
2716	2
2717	3
2718	3
2719	2
2720	3
2721	3
2722	3
2723	4
2724	3
2725	2
2726	3
2727	2
2728	3
2729	4
2730	4
2731	3
2732	3
2733	3
2734	3
2735	3
2736	3
2737	3
2738	4
2739	3
2740	4
2741	3
2742	3
2743	3
2744	3
2745	3
2746	4
2747	2
2748	2
2749	4
2750	4
2751	4
2752	3
2753	3
2754	3
2755	2
2756	3
2757	4
2758	5
2759	3
2760	4
2761	2
2762	3
2763	2
2764	2
2765	2
2766	4
2767	3
2768	4
2769	3
2770	2
2771	3
2772	4
2773	3
2774	3
2775	3
2776	1
2777	4
2778	3
2779	3
2780	3
2781	2
2782	4
2783	3
2784	4
2785	3
2786	3
2787	4
2788	4
2789	4
2790	4
2791	3
2792	3
2793	4
2794	4
2795	4
2796	2
2797	3
2798	4
2799	2
2800	3
2801	3
2802	1
2803	1
2804	4
2805	2
2806	3
2807	3
2808	4
2809	2
2810	2
2811	3
2812	3
2813	3
2814	4
2815	4
2816	3
2817	3
2818	3
2819	3
2820	3
2821	3
2822	2
2823	3
2824	5
2825	4
2826	2
2827	3
2828	2
2829	3
2830	4
2831	2
2832	2
2833	3
2834	3
2835	3
2836	3
2837	2
2838	2
2839	3
2840	2
2841	4
2842	3
2843	3
2844	3
2845	4
2846	3
2847	4
2848	2
2849	2
2850	2
2851	3
2852	4
2853	3
2854	3
2855	4
2856	4
2857	3
2858	3
2859	3
2860	2
2861	3
2862	3
2863	3
2864	2
2865	2
2866	4
2867	4
2868	2
2869	3
2870	2
2871	4
2872	2
2873	3
2874	3
2875	2
2876	3
2877	3
2878	3
2879	3
2880	3
2881	4
2882	4
2883	1
2884	3
2885	3
2886	3
2887	1
2888	4
2889	3
2890	4
2891	3
2892	3
2893	2
2894	3
2895	3
2896	4
2897	3
2898	4
2899	4
2900	4
2901	3
2902	3
2903	5
2904	4
2905	2
2906	3
2907	2
2908	2
2909	2
2910	3
2911	3
2912	3
2913	3
2914	2
2915	3
2916	2
2917	3
2918	4
2919	3
2920	2
2921	3
2922	5
2923	3
2924	3
2925	4
2926	3
2927	4
2928	3
2929	3
2930	3
2931	4
2932	3
2933	3
2934	5
2935	5
2936	3
2937	2
2938	3
2939	3
2940	4
2941	3
2942	4
2943	2
2944	3
2945	2
2946	3
2947	4
2948	3
2949	3
2950	4
2951	4
2952	2
2953	4
2954	4
2955	2
2956	2
2957	2
2958	3
2959	2
2960	4
2961	3
2962	3
2963	3
2964	2
2965	3
2966	3
2967	3
2968	4
2969	2
2970	2
2971	4
2972	4
2973	2
2974	4
2975	3
2976	3
2977	5
2978	4
2979	4
2980	3
2981	3
2982	3
2983	3
2984	1
2985	4
2986	2
2987	4
2988	5
2989	1
2990	4
2991	3
2992	3
2993	4
2994	2
2995	5
2996	2
2997	3
2998	3
2999	3
3000	2
3001	5
3002	1
3003	4
3004	4
3005	4
3006	3
3007	3
3008	3
3009	3
3010	4
3011	3
3012	3
3013	4
3014	3
3015	3
3016	2
3017	4
3018	3
3019	4
3020	2
3021	2
3022	4
3023	3
3024	2
3025	3
3026	3
3027	3
3028	3
3029	2
3030	4
3031	5
3032	3
3033	3
3034	3
3035	3
3036	4
3037	2
3038	2
3039	4
3040	2
3041	3
3042	3
3043	5
3044	3
3045	2
3046	3
3047	2
3048	5
3049	4
3050	2
3051	4
3052	3
3053	3
3054	4
3055	5
3056	3
3057	4
3058	3
3059	3
3060	2
3061	3
3062	1
3063	3
3064	3
3065	3
3066	3
3067	3
3068	3
3069	3
3070	5
3071	3
3072	3
3073	2
3074	2
3075	3
3076	1
3077	3
3078	3
3079	3
3080	2
3081	4
3082	3
3083	3
3084	2
3085	4
3086	3
3087	5
3088	3
3089	4
3090	4
3091	3
3092	3
3093	3
3094	3
3095	3
3096	2
3097	1
3098	3
3099	2
3100	3
3101	2
3102	4
3103	3
3104	4
3105	3
3106	2
3107	5
3108	2
3109	3
3110	4
3111	4
3112	3
3113	2
3114	4
3115	1
3116	3
3117	3
3118	3
3119	5
3120	3
3121	4
3122	2
3123	4
3124	3
3125	4
3126	2
3127	4
3128	2
3129	4
3130	4
3131	4
3132	3
3133	4
3134	3
3135	3
3136	3
3137	3
3138	4
3139	4
3140	3
3141	3
3142	3
3143	4
3144	3
3145	3
3146	3
3147	2
3148	5
3149	3
3150	2
3151	3
3152	4
3153	3
3154	3
3155	3
3156	2
3157	2
3158	2
3159	4
3160	3
3161	2
3162	1
3163	2
3164	2
3165	3
3166	4
3167	3
3168	3
3169	2
3170	3
3171	5
3172	3
3173	3
3174	3
3175	4
3176	4
3177	2
3178	2
3179	2
3180	3
3181	3
3182	3
3183	5
3184	3
3185	3
3186	4
3187	2
3188	5
3189	2
3190	3
3191	5
3192	3
3193	3
3194	3
3195	2
3196	2
3197	3
3198	5
3199	2
3200	4
3201	2
3202	3
3203	3
3204	3
3205	3
3206	4
3207	2
3208	2
3209	1
3210	4
3211	4
3212	4
3213	3
3214	1
3215	4
3216	2
3217	2
3218	2
3219	3
3220	2
3221	2
3222	4
3223	3
3224	3
3225	4
3226	3
3227	3
3228	4
3229	5
3230	5
3231	3
3232	3
3233	4
3234	3
3235	2
3236	3
3237	4
3238	3
3239	3
3240	3
3241	4
3242	4
3243	2
3244	3
3245	3
3246	3
3247	3
3248	1
3249	3
3250	3
3251	2
3252	4
3253	3
3254	3
3255	2
3256	2
3257	3
3258	2
3259	2
3260	3
3261	3
3262	3
3263	3
3264	3
3265	3
3266	3
3267	3
3268	3
3269	3
3270	3
3271	2
3272	3
3273	3
3274	4
3275	2
3276	3
3277	4
3278	3
3279	3
3280	3
3281	4
3282	3
3283	4
3284	3
3285	5
3286	3
3287	3
3288	3
3289	3
3290	3
3291	3
3292	5
3293	4
3294	4
3295	2
3296	3
3297	3
3298	2
3299	2
3300	3
3301	3
3302	3
3303	4
3304	4
3305	3
3306	2
3307	3
3308	4
3309	3
3310	3
3311	3
3312	2
3313	5
3314	3
3315	2
3316	3
3317	3
3318	4
3319	4
3320	3
3321	3
3322	3
3323	5
3324	3
3325	1
3326	3
3327	4
3328	4
3329	4
3330	4
3331	3
3332	3
3333	3
3334	2
3335	3
3336	4
3337	3
3338	3
3339	3
3340	4
3341	2
3342	3
3343	3
3344	5
3345	3
3346	4
3347	3
3348	3
3349	5
3350	4
3351	4
3352	3
3353	5
3354	3
3355	3
3356	3
3357	2
3358	3
3359	3
3360	4
3361	3
3362	3
3363	4
3364	2
3365	3
3366	3
3367	4
3368	2
3369	3
3370	4
3371	3
3372	3
3373	1
3374	3
3375	5
3376	4
3377	4
3378	5
3379	5
3380	5
3381	3
3382	5
3383	4
3384	5
3385	5
3386	5
3387	4
3388	4
3389	3
3390	5
3391	4
3392	3
3393	5
3394	3
3395	5
3396	4
3397	4
3398	3
3399	3
3400	5
3401	4
3402	5
3403	4
3404	5
3405	5
3406	4
3407	5
3408	5
3409	4
3410	4
3411	4
3412	5
3413	5
3414	4
3415	3
3416	4
3417	5
3418	5
3419	5
3420	4
3421	5
3422	5
3423	4
3424	3
3425	3
3426	5
3427	4
3428	3
3429	5
3430	4
3431	4
3432	4
3433	4
3434	4
3435	5
3436	5
3437	5
3438	4
3439	3
3440	4
3441	5
3442	4
3443	1
3444	3
3445	4
3446	4
3447	5
3448	4
3449	4
3450	5
3451	5
3452	4
3453	4
3454	3
3455	4
3456	3
3457	4
3458	5
3459	3
3460	3
3461	4
3462	4
3463	4
3464	4
3465	4
3466	5
3467	5
3468	3
3469	4
3470	4
3471	3
3472	4
3473	4
3474	5
3475	3
3476	3
3477	5
3478	4
3479	5
3480	5
3481	5
3482	5
3483	4
3484	4
3485	4
3486	4
3487	2
3488	4
3489	4
3490	4
3491	5
3492	4
3493	5
3494	5
3495	4
3496	3
3497	5
3498	4
3499	3
3500	4
3501	3
3502	3
3503	4
3504	4
3505	5
3506	3
3507	4
3508	4
3509	5
3510	5
3511	4
3512	5
3513	4
3514	3
3515	5
3516	4
3517	3
3518	4
3519	4
3520	5
3521	5
3522	5
3523	4
3524	4
3525	4
3526	4
3527	4
3528	4
3529	4
3530	4
3531	4
3532	4
3533	5
3534	3
3535	4
3536	5
3537	5
3538	5
3539	4
3540	3
3541	3
3542	4
3543	3
3544	4
3545	5
3546	3
3547	4
3548	4
3549	5
3550	4
3551	4
3552	4
3553	4
3554	5
3555	5
3556	4
3557	4
3558	3
3559	5
3560	4
3561	4
3562	4
3563	4
3564	4
3565	5
3566	5
3567	5
3568	3
3569	4
3570	4
3571	5
3572	5
3573	5
3574	5
3575	4
3576	4
3577	3
3578	4
3579	4
3580	4
3581	5
3582	4
3583	4
3584	4
3585	3
3586	4
3587	4
3588	5
3589	3
3590	5
3591	3
3592	4
3593	3
3594	5
3595	4
3596	5
3597	3
3598	5
3599	5
3600	4
3601	3
3602	4
3603	4
3604	2
3605	3
3606	3
3607	4
3608	4
3609	4
3610	4
3611	4
3612	2
3613	5
3614	3
3615	5
3616	3
3617	3
3618	5
3619	4
3620	3
3621	5
3622	5
3623	5
3624	2
3625	4
3626	5
3627	3
3628	5
3629	5
3630	4
3631	3
3632	4
3633	4
3634	4
3635	5
3636	4
3637	5
3638	5
3639	4
3640	4
3641	3
3642	3
3643	3
3644	5
3645	4
3646	5
3647	5
3648	5
3649	4
3650	5
3651	5
3652	4
3653	5
3654	3
3655	3
3656	5
3657	4
3658	4
3659	4
3660	4
3661	4
3662	3
3663	4
3664	4
3665	3
3666	4
3667	5
3668	4
3669	4
3670	5
3671	3
3672	4
3673	4
3674	3
3675	4
3676	4
3677	2
3678	5
3679	5
3680	4
3681	5
3682	4
3683	5
3684	4
3685	3
3686	4
3687	5
3688	4
3689	4
3690	4
3691	5
3692	5
3693	3
3694	4
3695	3
3696	4
3697	4
3698	5
3699	3
3700	5
3701	4
3702	3
3703	5
3704	3
3705	5
3706	3
3707	4
3708	4
3709	5
3710	3
3711	3
3712	5
3713	4
3714	5
3715	5
3716	5
3717	4
3718	4
3719	2
3720	5
3721	4
3722	4
3723	5
3724	4
3725	5
3726	4
3727	5
3728	3
3729	4
3730	5
3731	4
3732	4
3733	5
3734	3
3735	5
3736	5
3737	5
3738	3
3739	5
3740	5
3741	3
3742	3
3743	2
3744	5
3745	5
3746	5
3747	4
3748	4
3749	5
3750	3
3751	3
3752	4
3753	4
3754	5
3755	3
3756	4
3757	4
3758	4
3759	4
3760	4
3761	4
3762	4
3763	5
3764	5
3765	5
3766	2
3767	4
3768	4
3769	5
3770	4
3771	5
3772	3
3773	3
3774	4
3775	3
3776	4
3777	5
3778	3
3779	4
3780	5
3781	4
3782	5
3783	5
3784	4
3785	4
3786	4
3787	3
3788	4
3789	4
3790	5
3791	4
3792	4
3793	3
3794	3
3795	4
3796	3
3797	4
3798	5
3799	4
3800	3
3801	5
3802	4
3803	3
3804	5
3805	2
3806	4
3807	3
3808	4
3809	3
3810	5
3811	4
3812	4
3813	5
3814	5
3815	4
3816	4
3817	5
3818	4
3819	4
3820	4
3821	4
3822	3
3823	4
3824	4
3825	4
3826	3
3827	3
3828	4
3829	4
3830	3
3831	4
3832	5
3833	5
3834	4
3835	4
3836	5
3837	5
3838	5
3839	4
3840	5
3841	1
3842	4
3843	4
3844	5
3845	5
3846	4
3847	4
3848	3
3849	4
3850	3
3851	4
3852	5
3853	4
3854	5
3855	4
3856	3
3857	5
3858	3
3859	4
3860	4
3861	4
3862	4
3863	4
3864	3
3865	4
3866	5
3867	3
3868	3
3869	4
3870	5
3871	4
3872	5
3873	4
3874	4
3875	5
3876	3
3877	5
3878	2
3879	4
3880	4
3881	5
3882	4
3883	4
3884	3
3885	5
3886	4
3887	4
3888	4
3889	5
3890	3
3891	2
3892	4
3893	5
3894	4
3895	5
3896	4
3897	4
3898	3
3899	2
3900	4
3901	4
3902	5
3903	4
3904	2
3905	5
3906	4
3907	5
3908	4
3909	3
3910	5
3911	5
3912	5
3913	2
3914	5
3915	4
3916	4
3917	4
3918	4
3919	4
3920	5
3921	4
3922	4
3923	3
3924	4
3925	4
3926	5
3927	4
3928	4
3929	4
3930	3
3931	4
3932	5
3933	5
3934	5
3935	4
3936	4
3937	4
3938	5
3939	5
3940	5
3941	4
3942	4
3943	4
3944	2
3945	5
3946	3
3947	4
3948	5
3949	3
3950	4
3951	2
3952	3
3953	4
3954	4
3955	4
3956	4
3957	4
3958	4
3959	3
3960	3
3961	4
3962	5
3963	5
3964	4
3965	4
3966	5
3967	4
3968	5
3969	3
3970	5
3971	4
3972	5
3973	3
3974	4
3975	4
3976	5
3977	5
3978	4
3979	4
3980	4
3981	5
3982	4
3983	5
3984	4
3985	4
3986	5
3987	3
3988	3
3989	4
3990	4
3991	4
3992	4
3993	4
3994	4
3995	5
3996	4
3997	2
3998	4
3999	4
4000	5
4001	4
4002	3
4003	5
4004	3
4005	5
4006	5
4007	5
4008	4
4009	4
4010	5
4011	3
4012	5
4013	3
4014	4
4015	5
4016	3
4017	4
4018	5
4019	3
4020	4
4021	5
4022	5
4023	4
4024	5
4025	4
4026	4
4027	3
4028	4
4029	5
4030	1
4031	4
4032	4
4033	5
4034	5
4035	3
4036	4
4037	4
4038	3
4039	5
4040	4
4041	4
4042	3
4043	3
4044	4
4045	4
4046	4
4047	5
4048	4
4049	5
4050	3
4051	4
4052	5
4053	4
4054	5
4055	5
4056	5
4057	5
4058	3
4059	5
4060	2
4061	5
4062	5
4063	4
4064	4
4065	5
4066	4
4067	4
4068	4
4069	4
4070	4
4071	3
4072	3
4073	3
4074	4
4075	4
4076	4
4077	4
4078	5
4079	4
4080	3
4081	4
4082	4
4083	5
4084	5
4085	5
4086	3
4087	5
4088	3
4089	4
4090	4
4091	4
4092	5
4093	4
4094	4
4095	5
4096	4
4097	4
4098	4
4099	5
4100	4
4101	4
4102	5
4103	5
4104	5
4105	4
4106	4
4107	4
4108	2
4109	3
4110	5
4111	4
4112	4
4113	5
4114	4
4115	5
4116	5
4117	4
4118	4
4119	4
4120	5
4121	4
4122	4
4123	4
4124	2
4125	4
4126	4
4127	5
4128	5
4129	4
4130	5
4131	5
4132	4
4133	4
4134	4
4135	4
4136	3
4137	4
4138	4
4139	4
4140	4
4141	4
4142	5
4143	4
4144	3
4145	5
4146	5
4147	4
4148	3
4149	5
4150	5
4151	4
4152	2
4153	5
4154	3
4155	4
4156	5
4157	4
4158	5
4159	4
4160	4
4161	5
4162	5
4163	4
4164	5
4165	4
4166	5
4167	5
4168	3
4169	5
4170	3
4171	5
4172	4
4173	4
4174	3
4175	4
4176	5
4177	4
4178	3
4179	5
4180	4
4181	5
4182	4
4183	4
4184	2
4185	3
4186	5
4187	4
4188	3
4189	4
4190	3
4191	5
4192	4
4193	4
4194	5
4195	5
4196	3
4197	2
4198	4
4199	4
4200	5
4201	3
4202	3
4203	5
4204	4
4205	4
4206	4
4207	3
4208	5
4209	4
4210	4
4211	5
4212	5
4213	5
4214	4
4215	5
4216	4
4217	5
4218	2
4219	5
4220	2
4221	4
4222	3
4223	5
4224	5
4225	3
4226	4
4227	2
4228	5
4229	3
4230	5
4231	3
4232	4
4233	5
4234	4
4235	5
4236	3
4237	4
4238	3
4239	4
4240	5
4241	5
4242	4
4243	4
4244	4
4245	3
4246	4
4247	4
4248	4
4249	4
4250	3
4251	5
4252	5
4253	5
4254	5
4255	4
4256	4
4257	3
4258	3
4259	5
4260	5
4261	3
4262	5
4263	5
4264	4
4265	4
4266	3
4267	4
4268	5
4269	5
4270	4
4271	3
4272	5
4273	5
4274	4
4275	4
4276	3
4277	4
4278	5
4279	4
4280	4
4281	5
4282	4
4283	3
4284	5
4285	3
4286	5
4287	5
4288	5
4289	3
4290	4
4291	5
4292	4
4293	5
4294	4
4295	3
4296	5
4297	3
4298	3
4299	5
4300	4
4301	4
4302	5
4303	4
4304	5
4305	4
4306	4
4307	4
4308	4
4309	4
4310	5
4311	4
4312	5
4313	4
4314	4
4315	4
4316	4
4317	4
4318	4
4319	5
4320	4
4321	4
4322	3
4323	4
4324	5
4325	4
4326	4
4327	5
4328	3
4329	4
4330	4
4331	3
4332	4
4333	5
4334	3
4335	4
4336	4
4337	3
4338	4
4339	3
4340	3
4341	3
4342	5
4343	3
4344	3
4345	4
4346	5
4347	4
4348	3
4349	4
4350	4
4351	4
4352	5
4353	4
4354	4
4355	5
4356	5
4357	5
4358	5
4359	4
4360	5
4361	4
4362	5
4363	4
4364	3
4365	3
4366	5
4367	5
4368	5
4369	3
4370	4
4371	4
4372	5
4373	4
4374	3
4375	3
4376	3
4377	5
4378	5
4379	3
4380	3
4381	3
4382	4
4383	3
4384	4
4385	4
4386	5
4387	4
4388	5
4389	4
4390	5
4391	3
4392	5
4393	5
4394	4
4395	3
4396	4
4397	5
4398	5
4399	3
4400	5
4401	4
4402	5
4403	2
4404	3
4405	5
4406	4
4407	5
4408	5
4409	4
4410	5
4411	4
4412	4
4413	4
4414	5
4415	4
4416	5
4417	5
4418	3
4419	4
4420	3
4421	4
4422	5
4423	4
4424	3
4425	4
4426	5
4427	3
4428	4
4429	4
4430	4
4431	4
4432	5
4433	4
4434	4
4435	4
4436	5
4437	4
4438	5
4439	4
4440	5
4441	5
4442	4
4443	4
4444	4
4445	4
4446	3
4447	4
4448	3
4449	4
4450	3
4451	3
4452	3
4453	5
4454	4
4455	5
4456	5
4457	5
4458	5
4459	3
4460	3
4461	4
4462	4
4463	3
4464	3
4465	3
4466	2
4467	3
4468	5
4469	4
4470	4
4471	4
4472	5
4473	5
4474	3
4475	4
4476	4
4477	5
4478	4
4479	5
4480	4
4481	4
4482	4
4483	4
4484	5
4485	4
4486	4
4487	4
4488	4
4489	4
4490	3
4491	5
4492	4
4493	5
4494	2
4495	4
4496	4
4497	4
4498	4
4499	5
4500	4
4501	3
4502	5
4503	5
4504	4
4505	5
4506	4
4507	4
4508	3
4509	3
4510	5
4511	4
4512	5
4513	5
4514	4
4515	4
4516	5
4517	2
4518	5
4519	5
4520	3
4521	4
4522	4
4523	4
4524	3
4525	5
4526	5
4527	4
4528	4
4529	3
4530	4
4531	5
4532	4
4533	4
4534	4
4535	3
4536	4
4537	5
4538	4
4539	3
4540	4
4541	5
4542	5
4543	5
4544	5
4545	4
4546	4
4547	4
4548	3
4549	5
4550	4
4551	5
4552	3
4553	4
4554	4
4555	4
4556	5
4557	2
4558	5
4559	5
4560	4
4561	4
4562	4
4563	4
4564	4
4565	4
4566	4
4567	5
4568	4
4569	4
4570	4
4571	3
4572	4
4573	4
4574	5
4575	4
4576	2
4577	4
4578	4
4579	5
4580	4
4581	5
4582	4
4583	5
4584	5
4585	5
4586	3
4587	4
4588	5
4589	4
4590	3
4591	5
4592	5
4593	4
4594	4
4595	3
4596	5
4597	4
4598	4
4599	4
4600	5
4601	4
4602	4
4603	4
4604	4
4605	5
4606	4
4607	5
4608	2
4609	5
4610	5
4611	5
4612	3
4613	5
4614	3
4615	3
4616	4
4617	5
4618	3
4619	4
4620	3
4621	5
4622	4
4623	4
4624	4
4625	4
4626	5
4627	3
4628	5
4629	5
4630	5
4631	5
4632	4
4633	5
4634	3
4635	4
4636	4
4637	4
4638	4
4639	4
4640	4
4641	3
4642	3
4643	3
4644	3
4645	5
4646	4
4647	4
4648	4
4649	4
4650	5
4651	2
4652	4
4653	5
4654	4
4655	4
4656	4
4657	3
4658	5
4659	3
4660	4
4661	3
4662	5
4663	5
4664	4
4665	5
4666	4
4667	4
4668	4
4669	5
4670	4
4671	4
4672	5
4673	5
4674	5
4675	4
4676	4
4677	4
4678	2
4679	4
4680	4
4681	3
4682	4
4683	3
4684	4
4685	4
4686	3
4687	4
4688	2
4689	4
4690	4
4691	4
4692	3
4693	5
4694	3
4695	3
4696	5
4697	3
4698	3
4699	3
4700	4
4701	3
4702	3
4703	3
4704	3
4705	5
4706	4
4707	3
4708	3
4709	5
4710	4
4711	4
4712	4
4713	4
4714	4
4715	4
4716	4
4717	5
4718	4
4719	4
4720	4
4721	4
4722	4
4723	5
4724	4
4725	4
4726	1
4727	5
4728	4
4729	4
4730	4
4731	4
4732	4
4733	5
4734	5
4735	3
4736	3
4737	5
4738	5
4739	4
4740	4
4741	5
4742	3
4743	5
4744	4
4745	5
4746	3
4747	5
4748	3
4749	4
4750	3
4751	3
4752	5
4753	4
4754	5
4755	4
4756	4
4757	4
4758	4
4759	3
4760	4
4761	5
4762	3
4763	4
4764	3
4765	3
4766	4
4767	3
4768	5
4769	3
4770	4
4771	4
4772	3
4773	3
4774	3
4775	5
4776	4
4777	3
4778	4
4779	5
4780	3
4781	5
4782	4
4783	4
4784	3
4785	2
4786	4
4787	4
4788	5
4789	4
4790	5
4791	4
4792	5
4793	4
4794	2
4795	3
4796	5
4797	5
4798	5
4799	3
4800	5
4801	4
4802	4
4803	4
4804	5
4805	5
4806	4
4807	3
4808	3
4809	3
4810	3
4811	3
4812	5
4813	4
4814	4
4815	4
4816	4
4817	4
4818	3
4819	5
4820	5
4821	4
4822	3
4823	3
4824	5
4825	5
4826	3
4827	5
4828	4
4829	5
4830	4
4831	3
4832	4
4833	5
4834	3
4835	4
4836	5
4837	4
4838	2
4839	3
4840	4
4841	4
4842	5
4843	5
4844	5
4845	4
4846	5
4847	4
4848	4
4849	4
4850	3
4851	4
4852	4
4853	4
4854	5
4855	4
4856	3
4857	5
4858	5
4859	4
4860	4
4861	4
4862	4
4863	4
4864	5
4865	3
4866	4
4867	5
4868	3
4869	4
4870	4
4871	4
4872	4
4873	3
4874	4
4875	5
4876	4
4877	4
4878	5
4879	3
4880	3
4881	4
4882	5
4883	4
4884	5
4885	4
4886	5
4887	4
4888	4
4889	2
4890	5
4891	3
4892	4
4893	3
4894	4
4895	3
4896	3
4897	5
4898	5
4899	4
4900	3
4901	3
4902	4
4903	4
4904	5
4905	4
4906	4
4907	5
4908	5
4909	4
4910	4
4911	4
4912	4
4913	4
4914	4
4915	1
4916	5
4917	3
4918	4
4919	4
4920	4
4921	3
4922	4
4923	5
4924	4
4925	4
4926	4
4927	5
4928	3
4929	4
4930	4
4931	3
4932	4
4933	5
4934	5
4935	5
4936	3
4937	5
4938	3
4939	4
4940	5
4941	4
4942	5
4943	4
4944	5
4945	4
4946	3
4947	5
4948	4
4949	5
4950	4
4951	4
4952	3
4953	3
4954	5
4955	5
4956	4
4957	4
4958	5
4959	5
4960	5
4961	5
4962	4
4963	4
4964	4
4965	3
4966	4
4967	4
4968	5
4969	4
4970	4
4971	3
4972	4
4973	3
4974	4
4975	4
4976	5
4977	4
4978	4
4979	4
4980	4
4981	3
4982	4
4983	4
4984	4
4985	3
4986	5
4987	3
4988	4
4989	5
4990	4
4991	4
4992	5
4993	4
4994	4
4995	4
4996	3
4997	4
4998	5
4999	4
5000	4
5001	4
5002	4
5003	4
5004	4
5005	3
5006	4
5007	4
5008	4
5009	4
5010	4
5011	4
5012	5
5013	3
5014	5
5015	4
5016	3
5017	4
5018	5
5019	4
5020	5
5021	5
5022	4
5023	5
5024	5
5025	5
5026	5
5027	4
5028	5
5029	4
5030	5
5031	5
5032	3
5033	4
5034	5
5035	4
5036	5
5037	3
5038	4
5039	5
5040	5
5041	4
5042	5
5043	5
5044	4
5045	4
5046	4
5047	4
5048	4
5049	4
5050	4
5051	4
5052	4
5053	5
5054	3
5055	4
5056	5
5057	3
5058	3
5059	4
5060	4
5061	3
5062	3
5063	4
5064	5
5065	5
5066	1
5067	3
5068	5
5069	2
5070	4
5071	4
5072	3
5073	4
5074	4
5075	5
5076	3
5077	5
5078	4
5079	3
5080	5
5081	5
5082	5
5083	4
5084	4
5085	5
5086	4
5087	5
5088	5
5089	5
5090	5
5091	4
5092	5
5093	4
5094	5
5095	5
5096	4
5097	5
5098	4
5099	4
5100	5
5101	4
5102	4
5103	5
5104	4
5105	3
5106	4
5107	5
5108	5
5109	5
5110	4
5111	5
5112	4
5113	5
5114	5
5115	5
5116	4
5117	4
5118	3
5119	2
5120	4
5121	4
5122	3
5123	3
5124	4
5125	4
5126	4
5127	4
5128	3
5129	5
5130	5
5131	4
5132	3
5133	4
5134	4
5135	3
5136	5
5137	4
5138	3
5139	3
5140	4
5141	3
5142	4
5143	3
5144	4
5145	4
5146	5
5147	5
5148	4
5149	4
5150	4
5151	5
5152	4
5153	5
5154	5
5155	4
5156	4
5157	4
5158	4
5159	3
5160	5
5161	3
5162	3
5163	3
5164	5
5165	4
5166	5
5167	5
5168	5
5169	5
5170	3
5171	4
5172	3
5173	4
5174	2
5175	4
5176	3
5177	2
5178	4
5179	3
5180	4
5181	3
5182	5
5183	3
5184	5
5185	4
5186	4
5187	4
5188	4
5189	3
5190	4
5191	3
5192	5
5193	4
5194	3
5195	3
5196	4
5197	4
5198	4
5199	5
5200	3
5201	4
5202	4
5203	4
5204	5
5205	4
5206	4
5207	5
5208	4
5209	3
5210	4
5211	4
5212	4
5213	5
5214	5
5215	5
5216	5
5217	5
5218	4
5219	4
5220	3
5221	3
5222	5
5223	4
5224	4
5225	4
5226	4
5227	2
5228	4
5229	4
5230	4
5231	3
5232	5
5233	3
5234	5
5235	4
5236	4
5237	4
5238	4
5239	3
5240	4
5241	4
5242	4
5243	4
5244	4
5245	4
5246	4
5247	4
5248	3
5249	4
5250	5
5251	5
5252	5
5253	4
5254	5
5255	5
5256	5
5257	5
5258	2
5259	5
5260	5
5261	5
5262	5
5263	4
5264	5
5265	5
5266	5
5267	4
5268	5
5269	5
5270	5
5271	5
5272	5
5273	5
5274	5
5275	5
5276	5
5277	4
5278	5
5279	5
5280	5
5281	5
5282	5
5283	5
5284	3
5285	5
5286	5
5287	5
5288	3
5289	5
5290	5
5291	4
5292	4
5293	5
5294	4
5295	4
5296	3
5297	5
5298	5
5299	4
5300	5
5301	5
5302	5
5303	2
5304	4
5305	5
5306	5
5307	5
5308	5
5309	5
5310	4
5311	5
5312	5
5313	5
5314	5
5315	5
5316	5
5317	4
5318	5
5319	4
5320	5
5321	5
5322	4
5323	4
5324	4
5325	5
5326	5
5327	5
5328	5
5329	5
5330	5
5331	5
5332	4
5333	5
5334	5
5335	4
5336	5
5337	3
5338	4
5339	4
5340	3
5341	5
5342	4
5343	4
5344	5
5345	4
5346	5
5347	5
5348	2
5349	5
5350	5
5351	4
5352	5
5353	4
5354	5
5355	4
5356	5
5357	5
5358	4
5359	5
5360	5
5361	5
5362	4
5363	3
5364	5
5365	5
5366	5
5367	5
5368	4
5369	5
5370	5
5371	5
5372	5
5373	5
5374	5
5375	4
5376	4
5377	5
5378	5
5379	5
5380	5
5381	5
5382	4
5383	5
5384	4
5385	5
5386	4
5387	5
5388	5
5389	4
5390	4
5391	4
5392	5
5393	5
5394	5
5395	5
5396	5
5397	4
5398	4
5399	5
5400	5
5401	5
5402	4
5403	4
5404	3
5405	5
5406	5
5407	4
5408	3
5409	5
5410	5
5411	4
5412	5
5413	5
5414	5
5415	5
5416	5
5417	3
5418	3
5419	5
5420	5
5421	5
5422	5
5423	5
5424	4
5425	4
5426	4
5427	5
5428	5
5429	5
5430	4
5431	5
5432	4
5433	4
5434	5
5435	5
5436	5
5437	5
5438	4
5439	5
5440	5
5441	5
5442	5
5443	4
5444	4
5445	4
5446	5
5447	5
5448	2
5449	5
5450	3
5451	5
5452	5
5453	4
5454	5
5455	4
5456	5
5457	5
5458	5
5459	5
5460	5
5461	5
5462	5
5463	4
5464	5
5465	4
5466	5
5467	5
5468	4
5469	3
5470	4
5471	5
5472	4
5473	5
5474	5
5475	5
5476	5
5477	5
5478	5
5479	5
5480	3
5481	5
5482	5
5483	5
5484	5
5485	4
5486	5
5487	3
5488	4
5489	4
5490	4
5491	5
5492	5
5493	5
5494	5
5495	5
5496	5
5497	4
5498	5
5499	5
5500	5
5501	3
5502	5
5503	5
5504	5
5505	5
5506	4
5507	4
5508	4
5509	5
5510	4
5511	5
5512	5
5513	5
5514	5
5515	4
5516	5
5517	5
5518	5
5519	5
5520	4
5521	5
5522	5
5523	4
5524	5
5525	5
5526	4
5527	5
5528	5
5529	4
5530	5
5531	5
5532	5
5533	5
5534	5
5535	5
5536	4
5537	4
5538	5
5539	3
5540	3
5541	4
5542	5
5543	4
5544	5
5545	4
5546	4
5547	5
5548	4
5549	5
5550	5
5551	4
5552	5
5553	5
5554	5
5555	5
5556	5
5557	5
5558	4
5559	5
5560	5
5561	4
5562	4
5563	5
5564	4
5565	5
5566	4
5567	4
5568	5
5569	5
5570	5
5571	4
5572	5
5573	5
5574	2
5575	5
5576	5
5577	5
5578	5
5579	5
5580	5
5581	5
5582	4
5583	5
5584	5
5585	3
5586	5
5587	4
5588	5
5589	4
5590	5
5591	5
5592	5
5593	4
5594	5
5595	5
5596	4
5597	4
5598	4
5599	5
5600	5
5601	4
5602	4
5603	4
5604	5
5605	5
5606	5
5607	5
5608	5
5609	5
5610	5
5611	5
5612	5
5613	5
5614	4
5615	4
5616	5
5617	4
5618	5
5619	5
5620	5
5621	5
5622	5
5623	5
5624	5
5625	5
5626	3
5627	4
5628	5
5629	5
5630	4
5631	5
5632	5
5633	5
5634	5
5635	4
5636	5
5637	5
5638	3
5639	5
5640	4
5641	3
5642	5
5643	4
5644	5
5645	5
5646	5
5647	3
5648	3
5649	5
5650	5
5651	5
5652	4
5653	5
5654	5
5655	3
5656	5
5657	3
5658	5
5659	5
5660	4
5661	5
5662	4
5663	5
5664	5
5665	5
5666	5
5667	5
5668	5
5669	5
5670	4
5671	3
5672	4
5673	4
5674	4
5675	4
5676	5
5677	5
5678	3
5679	5
5680	5
5681	5
5682	5
5683	5
5684	5
5685	3
5686	5
5687	4
5688	5
5689	4
5690	4
5691	4
5692	3
5693	4
5694	5
5695	4
5696	5
5697	5
5698	5
5699	5
5700	5
5701	5
5702	4
5703	5
5704	5
5705	5
5706	5
5707	5
5708	4
5709	5
5710	4
5711	5
5712	5
5713	5
5714	4
5715	5
5716	5
5717	5
5718	5
5719	5
5720	4
5721	5
5722	5
5723	5
5724	4
5725	5
5726	4
5727	5
5728	5
5729	5
5730	5
5731	5
5732	5
5733	3
5734	5
5735	4
5736	4
5737	5
5738	5
5739	5
5740	5
5741	3
5742	4
5743	3
5744	5
5745	5
5746	5
5747	5
5748	4
5749	5
5750	4
5751	5
5752	5
5753	5
5754	4
5755	5
5756	5
5757	5
5758	5
5759	4
5760	4
5761	4
5762	5
5763	5
5764	5
5765	5
5766	5
5767	5
5768	2
5769	4
5770	5
5771	5
5772	5
5773	5
5774	2
5775	5
5776	5
5777	5
5778	5
5779	5
5780	5
5781	5
5782	4
5783	5
5784	4
5785	5
5786	5
5787	5
5788	5
5789	5
5790	4
5791	5
5792	4
5793	3
5794	5
5795	4
5796	5
5797	5
5798	4
5799	5
5800	5
5801	4
5802	5
5803	5
5804	4
5805	5
5806	5
5807	5
5808	4
5809	5
5810	4
5811	5
5812	5
5813	4
5814	5
5815	4
5816	5
5817	4
5818	4
5819	5
5820	5
5821	5
5822	5
5823	5
5824	5
5825	5
5826	5
5827	5
5828	5
5829	5
5830	5
5831	5
5832	4
5833	5
5834	5
5835	5
5836	3
5837	5
5838	4
5839	5
5840	5
5841	4
5842	5
5843	5
5844	5
5845	5
5846	4
5847	2
5848	5
5849	5
5850	4
5851	5
5852	5
5853	5
5854	5
5855	4
5856	5
5857	4
5858	5
5859	5
5860	5
5861	5
5862	5
5863	5
5864	5
5865	5
5866	5
5867	5
5868	5
5869	4
5870	5
5871	5
5872	5
5873	4
5874	5
5875	4
5876	5
5877	5
5878	5
5879	5
5880	5
5881	5
5882	5
5883	5
5884	5
5885	5
5886	5
5887	5
5888	4
5889	3
5890	4
5891	5
5892	5
5893	5
5894	4
5895	5
5896	5
5897	4
5898	4
5899	4
5900	4
5901	5
5902	4
5903	4
5904	5
5905	5
5906	5
5907	3
5908	5
5909	4
5910	5
5911	5
5912	5
5913	5
5914	5
5915	4
5916	5
5917	5
5918	4
5919	5
5920	5
5921	5
5922	5
5923	5
5924	5
5925	5
5926	5
5927	5
5928	5
5929	5
5930	5
5931	4
5932	5
5933	5
5934	5
5935	5
5936	3
5937	5
5938	5
5939	5
5940	2
5941	4
5942	3
5943	5
5944	5
5945	5
5946	5
5947	5
5948	5
5949	4
5950	3
5951	4
5952	5
5953	4
5954	4
5955	2
5956	5
5957	4
5958	3
5959	5
5960	5
5961	4
5962	4
5963	3
5964	5
5965	5
5966	3
5967	4
5968	4
5969	5
5970	5
5971	5
5972	4
5973	5
5974	4
5975	5
5976	4
5977	5
5978	4
5979	4
5980	4
5981	5
5982	4
5983	5
5984	4
5985	5
5986	5
5987	5
5988	5
5989	5
5990	5
5991	5
5992	5
5993	4
5994	4
5995	4
5996	5
5997	3
5998	5
5999	5
6000	5
6001	4
6002	5
6003	5
6004	3
6005	3
6006	5
6007	5
6008	5
6009	5
6010	5
6011	4
6012	4
6013	5
6014	5
6015	5
6016	3
6017	4
6018	5
6019	3
6020	5
6021	4
6022	5
6023	5
6024	5
6025	5
6026	4
6027	5
6028	5
6029	5
6030	5
6031	5
6032	5
6033	5
6034	5
6035	5
6036	5
6037	5
6038	5
6039	4
6040	5
6041	5
6042	1
6043	5
6044	5
6045	5
6046	4
6047	5
6048	5
6049	4
6050	4
6051	5
6052	4
6053	5
6054	5
6055	5
6056	5
6057	5
6058	5
6059	5
6060	5
6061	5
6062	3
6063	5
6064	5
6065	5
6066	5
6067	5
6068	2
6069	5
6070	5
6071	4
6072	4
6073	5
6074	4
6075	4
6076	5
6077	5
6078	3
6079	4
6080	5
6081	5
6082	5
6083	5
6084	3
6085	5
6086	4
6087	5
6088	3
6089	4
6090	5
6091	5
6092	5
6093	3
6094	3
6095	5
6096	5
6097	5
6098	5
6099	3
6100	5
6101	5
6102	4
6103	5
6104	4
6105	5
6106	4
6107	5
6108	5
6109	5
6110	5
6111	5
6112	3
6113	5
6114	5
6115	5
6116	5
6117	4
6118	4
6119	5
6120	5
6121	4
6122	5
6123	4
6124	5
6125	5
6126	5
6127	4
6128	5
6129	5
6130	5
6131	4
6132	4
6133	4
6134	4
6135	5
6136	5
6137	5
6138	5
6139	5
6140	4
6141	5
6142	5
6143	5
6144	5
6145	3
6146	5
6147	5
6148	5
6149	5
6150	5
6151	3
6152	5
6153	4
6154	5
6155	4
6156	5
6157	5
6158	5
6159	5
6160	5
6161	4
6162	5
6163	5
6164	5
6165	5
6166	5
6167	5
6168	3
6169	4
6170	5
6171	4
6172	5
6173	5
6174	4
6175	4
6176	4
6177	5
6178	5
6179	5
6180	5
6181	5
6182	3
6183	5
6184	5
6185	5
6186	4
6187	5
6188	4
6189	5
6190	5
6191	4
6192	5
6193	5
6194	5
6195	4
6196	5
6197	5
6198	5
6199	5
6200	5
6201	4
6202	4
6203	4
6204	5
6205	5
6206	5
6207	5
6208	5
6209	4
6210	5
6211	5
6212	5
6213	5
6214	4
6215	4
6216	5
6217	5
6218	5
6219	4
6220	5
6221	5
6222	3
6223	5
6224	5
6225	5
6226	5
6227	5
6228	4
6229	2
6230	5
6231	5
6232	5
6233	5
6234	4
6235	5
6236	5
6237	5
6238	4
6239	5
6240	5
6241	4
6242	5
6243	5
6244	3
6245	5
6246	5
6247	4
6248	5
6249	4
6250	3
6251	5
6252	3
6253	4
6254	5
6255	5
6256	5
6257	4
6258	4
6259	5
6260	5
6261	5
6262	4
6263	5
6264	5
6265	4
6266	5
6267	5
6268	5
6269	5
6270	5
6271	5
6272	3
6273	5
6274	5
6275	5
6276	5
6277	5
6278	5
6279	5
6280	5
6281	5
6282	5
6283	5
6284	5
6285	3
6286	5
6287	4
6288	5
6289	5
6290	5
6291	4
6292	4
6293	5
6294	3
6295	5
6296	4
6297	5
6298	4
6299	5
6300	3
6301	5
6302	5
6303	4
6304	5
6305	4
6306	5
6307	4
6308	5
6309	4
6310	5
6311	4
6312	5
6313	5
6314	5
6315	5
6316	4
6317	4
6318	3
6319	4
6320	4
6321	5
6322	4
6323	4
6324	5
6325	5
6326	5
6327	4
6328	4
6329	5
6330	4
6331	5
6332	4
6333	5
6334	4
6335	3
6336	3
6337	5
6338	5
6339	5
6340	5
6341	5
6342	4
6343	5
6344	4
6345	5
6346	5
6347	5
6348	4
6349	5
6350	5
6351	4
6352	4
6353	5
6354	5
6355	5
6356	4
6357	5
6358	5
6359	5
6360	2
6361	5
6362	4
6363	5
6364	4
6365	3
6366	4
6367	5
6368	4
6369	5
6370	5
6371	4
6372	4
6373	4
6374	5
6375	5
6376	5
6377	4
6378	4
6379	5
6380	5
6381	5
6382	5
6383	5
6384	5
6385	5
6386	5
6387	5
6388	4
6389	5
6390	5
6391	4
6392	5
6393	5
6394	5
6395	5
6396	4
6397	5
6398	5
6399	5
6400	5
6401	4
6402	5
6403	5
6404	5
6405	5
6406	5
6407	3
6408	2
6409	5
6410	4
6411	5
6412	5
6413	5
6414	2
6415	4
6416	5
6417	4
6418	5
6419	4
6420	5
6421	5
6422	5
6423	5
6424	5
6425	3
6426	5
6427	5
6428	4
6429	5
6430	5
6431	5
6432	5
6433	5
6434	5
6435	5
6436	5
6437	4
6438	5
6439	4
6440	3
6441	5
6442	5
6443	4
6444	4
6445	5
6446	5
6447	5
6448	5
6449	5
6450	5
6451	5
6452	4
6453	3
6454	5
6455	5
6456	5
6457	5
6458	5
6459	5
6460	5
6461	5
6462	5
6463	4
6464	5
6465	5
6466	5
6467	5
6468	5
6469	4
6470	5
6471	5
6472	5
6473	5
6474	5
6475	3
6476	5
6477	5
6478	5
6479	5
6480	5
6481	5
6482	5
6483	4
6484	5
6485	4
6486	5
6487	5
6488	3
6489	5
6490	1
6491	5
6492	5
6493	5
6494	5
6495	5
6496	4
6497	5
6498	4
6499	4
6500	5
6501	5
6502	5
6503	5
6504	5
6505	5
6506	5
6507	5
6508	5
6509	5
6510	4
6511	5
6512	4
6513	4
6514	4
6515	5
6516	4
6517	5
6518	5
6519	5
6520	4
6521	5
6522	4
6523	5
6524	5
6525	5
6526	5
6527	5
6528	4
6529	4
6530	4
6531	4
6532	4
6533	5
6534	5
6535	4
6536	4
6537	5
6538	5
6539	5
6540	5
6541	3
6542	5
6543	4
6544	5
6545	4
6546	3
6547	5
6548	5
6549	5
6550	5
6551	4
6552	5
6553	5
6554	4
6555	5
6556	5
6557	5
6558	5
6559	5
6560	5
6561	5
6562	5
6563	5
6564	5
6565	3
6566	5
6567	5
6568	5
6569	5
6570	5
6571	5
6572	4
6573	5
6574	5
6575	4
6576	4
6577	5
6578	5
6579	4
6580	5
6581	5
6582	3
6583	4
6584	5
6585	5
6586	3
6587	5
6588	4
6589	5
6590	5
6591	5
6592	4
6593	5
6594	5
6595	5
6596	4
6597	5
6598	2
6599	5
6600	5
6601	3
6602	5
6603	5
6604	5
6605	5
6606	5
6607	5
6608	5
6609	5
6610	5
6611	5
6612	3
6613	5
6614	4
6615	3
6616	5
6617	5
6618	5
6619	5
6620	4
6621	5
6622	5
6623	4
6624	4
6625	5
6626	5
6627	5
6628	5
6629	5
6630	5
6631	4
6632	4
6633	5
6634	5
6635	5
6636	4
6637	4
6638	4
6639	5
6640	4
6641	4
6642	5
6643	5
6644	5
6645	5
6646	1
6647	5
6648	5
6649	4
6650	5
6651	4
6652	4
6653	5
6654	5
6655	4
6656	4
6657	5
6658	5
6659	4
6660	5
6661	4
6662	5
6663	5
6664	4
6665	3
6666	4
6667	5
6668	4
6669	5
6670	5
6671	5
6672	5
6673	5
6674	4
6675	5
6676	5
6677	5
6678	5
6679	5
6680	5
6681	5
6682	5
6683	5
6684	5
6685	4
6686	4
6687	5
6688	5
6689	5
6690	5
6691	5
6692	5
6693	5
6694	5
6695	4
6696	3
6697	5
6698	3
6699	5
6700	5
6701	5
6702	4
6703	5
6704	4
6705	4
6706	5
6707	5
6708	4
6709	5
6710	5
6711	5
6712	4
6713	4
6714	5
6715	4
6716	5
6717	5
6718	3
6719	5
6720	5
6721	5
6722	4
6723	5
6724	5
6725	5
6726	5
6727	4
6728	5
6729	4
6730	5
6731	5
6732	5
6733	5
6734	5
6735	5
6736	5
6737	5
6738	5
6739	5
6740	5
6741	5
6742	4
6743	4
6744	5
6745	5
6746	4
6747	4
6748	5
6749	5
6750	5
6751	5
6752	5
6753	3
6754	5
6755	5
6756	5
6757	4
6758	4
6759	5
6760	5
6761	5
6762	5
6763	5
6764	3
6765	4
6766	5
6767	5
6768	5
6769	4
6770	4
6771	5
6772	4
6773	4
6774	4
6775	5
6776	5
6777	4
6778	5
6779	4
6780	5
6781	4
6782	4
6783	5
6784	5
6785	4
6786	4
6787	4
6788	5
6789	5
6790	4
6791	3
6792	4
6793	5
6794	5
6795	4
6796	5
6797	4
6798	5
6799	5
6800	4
6801	5
6802	5
6803	5
6804	5
6805	4
6806	3
6807	4
6808	4
6809	5
6810	5
6811	4
6812	5
6813	5
6814	5
6815	4
6816	5
6817	3
6818	5
6819	5
6820	5
6821	5
6822	4
6823	5
6824	5
6825	5
6826	5
6827	5
6828	5
6829	5
6830	5
6831	4
6832	4
6833	4
6834	5
6835	4
6836	5
6837	4
6838	5
6839	5
6840	5
6841	5
6842	5
6843	5
6844	5
6845	4
6846	5
6847	3
6848	4
6849	5
6850	5
6851	5
6852	3
6853	5
6854	5
6855	5
6856	5
6857	5
6858	5
6859	4
6860	5
6861	5
6862	5
6863	5
6864	5
6865	3
6866	5
6867	5
6868	4
6869	5
6870	5
6871	5
6872	5
6873	5
6874	5
6875	4
6876	5
6877	3
6878	4
6879	4
6880	5
6881	4
6882	5
6883	5
6884	5
6885	5
6886	3
6887	5
6888	3
6889	4
6890	5
6891	4
6892	5
6893	5
6894	2
6895	5
6896	5
6897	5
6898	4
6899	5
6900	5
6901	5
6902	4
6903	5
6904	4
6905	5
6906	5
6907	5
6908	5
6909	4
6910	4
6911	4
6912	4
6913	4
6914	4
6915	5
6916	4
6917	4
6918	5
6919	5
6920	4
6921	5
6922	5
6923	5
6924	5
6925	4
6926	5
6927	5
6928	5
6929	5
6930	5
6931	5
6932	4
6933	5
6934	5
6935	5
6936	5
6937	5
6938	5
6939	5
6940	5
6941	5
6942	5
6943	5
6944	5
6945	5
6946	5
6947	5
6948	3
6949	5
6950	5
6951	5
6952	5
6953	5
6954	5
6955	5
6956	5
6957	5
6958	5
6959	5
6960	4
6961	5
6962	5
6963	5
6964	4
6965	5
6966	5
6967	5
6968	5
6969	5
6970	5
6971	5
6972	4
6973	4
6974	2
6975	5
6976	5
6977	5
6978	4
6979	3
6980	5
6981	1
6982	5
6983	5
6984	4
6985	5
6986	4
6987	4
6988	5
6989	4
6990	5
6991	5
6992	5
6993	4
6994	5
6995	5
6996	5
6997	5
6998	5
6999	5
7000	4
7001	5
7002	5
7003	4
7004	5
7005	5
7006	5
7007	5
7008	5
7009	5
7010	3
7011	1
7012	4
7013	5
7014	5
7015	5
7016	5
7017	4
7018	5
7019	4
7020	5
7021	4
7022	4
7023	5
7024	5
7025	5
7026	5
7027	5
7028	5
7029	5
7030	4
7031	5
7032	4
7033	4
7034	5
7035	3
7036	5
7037	4
7038	4
7039	5
7040	5
7041	5
7042	4
7043	5
7044	5
7045	5
7046	5
7047	5
7048	5
7049	5
7050	5
7051	4
7052	5
7053	5
7054	5
7055	5
7056	5
7057	5
7058	5
7059	5
7060	5
7061	4
7062	5
7063	5
7064	5
7065	4
7066	5
7067	4
7068	5
7069	3
7070	4
7071	4
7072	5
7073	5
7074	4
7075	4
7076	5
7077	5
7078	5
7079	2
7080	5
7081	5
7082	4
7083	5
7084	5
7085	4
7086	5
7087	4
7088	4
7089	5
7090	5
7091	4
7092	5
7093	5
7094	5
7095	5
7096	5
7097	5
7098	5
7099	5
7100	5
7101	5
7102	4
7103	5
7104	5
7105	4
7106	4
7107	4
7108	5
7109	4
7110	5
7111	5
7112	5
7113	5
7114	5
7115	4
7116	5
7117	5
7118	5
7119	5
7120	4
7121	4
7122	3
7123	4
7124	5
7125	5
7126	4
7127	5
7128	4
7129	5
7130	5
7131	5
7132	3
7133	5
7134	3
7135	5
7136	5
7137	5
7138	5
7139	5
7140	5
7141	5
7142	5
7143	5
7144	5
7145	5
7146	5
7147	5
7148	5
7149	5
7150	5
7151	5
7152	5
7153	5
7154	3
7155	5
7156	4
7157	5
7158	5
7159	4
7160	5
7161	5
7162	3
7163	5
7164	5
7165	5
7166	4
7167	5
7168	4
7169	5
7170	5
7171	5
7172	5
7173	5
7174	4
7175	5
7176	5
7177	4
7178	3
7179	5
7180	5
7181	4
7182	4
7183	4
7184	4
7185	5
7186	5
7187	3
7188	5
7189	5
7190	3
7191	5
7192	5
7193	5
7194	5
7195	4
7196	4
7197	5
7198	3
7199	5
7200	5
7201	5
7202	5
7203	5
7204	4
7205	5
7206	5
7207	4
7208	3
7209	4
7210	5
7211	5
7212	5
7213	4
7214	5
7215	5
7216	5
7217	4
7218	5
7219	5
7220	5
7221	5
7222	4
7223	4
7224	5
7225	4
7226	5
7227	5
7228	5
7229	4
7230	5
7231	5
7232	5
7233	5
7234	5
7235	5
7236	5
7237	5
7238	5
7239	5
7240	3
7241	5
7242	4
7243	3
7244	5
7245	5
7246	4
7247	5
7248	5
7249	4
7250	4
7251	5
7252	4
7253	5
7254	4
7255	5
7256	3
7257	4
7258	4
7259	5
7260	5
7261	5
7262	5
7263	5
7264	5
7265	4
7266	4
7267	4
7268	4
7269	3
7270	3
7271	5
7272	4
7273	4
7274	5
7275	5
7276	5
7277	5
7278	4
7279	5
7280	5
7281	4
7282	5
7283	5
7284	5
7285	4
7286	5
7287	5
7288	5
7289	5
7290	4
7291	4
7292	5
7293	4
7294	3
7295	4
7296	5
7297	5
7298	5
7299	5
7300	5
7301	4
7302	5
7303	4
7304	5
7305	5
7306	5
7307	5
7308	2
7309	5
7310	5
7311	4
7312	5
7313	3
7314	5
7315	4
7316	3
7317	4
7318	5
7319	4
7320	4
7321	4
7322	5
7323	5
7324	5
7325	3
7326	5
7327	5
7328	3
7329	5
7330	4
7331	5
7332	5
7333	5
7334	4
7335	5
7336	4
7337	3
7338	5
7339	5
7340	5
7341	5
7342	5
7343	5
7344	4
7345	5
7346	5
7347	5
7348	5
7349	5
7350	5
7351	4
7352	5
7353	5
7354	5
7355	5
7356	4
7357	5
7358	5
7359	4
7360	5
7361	5
7362	5
7363	5
7364	5
7365	5
7366	4
7367	5
7368	5
7369	5
7370	5
7371	3
7372	4
7373	3
7374	5
7375	4
7376	5
7377	3
7378	5
7379	5
7380	5
7381	5
7382	5
7383	4
7384	3
7385	5
7386	5
7387	5
7388	5
7389	5
7390	5
7391	5
7392	5
7393	5
7394	5
7395	5
7396	5
7397	3
7398	4
7399	5
7400	5
7401	5
7402	5
7403	5
7404	5
7405	4
7406	5
7407	5
7408	5
7409	3
7410	5
7411	5
7412	5
7413	4
7414	5
7415	5
7416	4
7417	4
7418	5
7419	5
7420	5
7421	4
7422	4
7423	5
7424	4
7425	5
7426	5
7427	5
7428	5
7429	4
7430	4
7431	4
7432	5
7433	5
7434	5
7435	5
7436	4
7437	4
7438	5
7439	5
7440	5
7441	4
7442	4
7443	5
7444	3
7445	4
7446	5
7447	5
7448	5
7449	5
7450	4
7451	5
7452	5
7453	4
7454	5
7455	5
7456	5
7457	4
7458	5
7459	3
7460	5
7461	5
7462	5
7463	5
7464	5
7465	5
7466	5
7467	4
7468	5
7469	4
7470	5
7471	5
7472	4
7473	4
7474	5
7475	3
7476	4
7477	4
7478	5
7479	5
7480	5
7481	5
7482	5
7483	5
7484	4
7485	4
7486	4
7487	5
7488	4
7489	5
7490	5
7491	5
7492	4
7493	5
7494	5
7495	5
7496	5
7497	5
7498	5
7499	5
